expr_set_extract <- structure(c(3.80038799385634, 2.57796290004629, 2.01555104800699,
3.01682657363836, 3.0275335660501, 4.34967038772596, 1.87753604421081,
3.87401228747767, 4.45215997070147, 4.72731295046019, 4.03526285242022,
2.77736693100491, 2.85696617072136, 1.78835467470943, 1.79666536757366,
3.68395801706708, 2.77095225660454, 1.78193296503416, 2.46841810648094,
3.18952590803699, 3.34651606462906, 3.12100640505202, 3.75261289546844,
2.40446509070553, 1.94907534314756, 2.87510704966302, 2.93498056086976,
2.32628854918265, 3.23800144315077, 2.81942317366575, 2.34502372393624,
1.71312677942335, 1.74656913551073, 3.94753809222896, 2.63010193612698,
3.73451745391471, 2.84036882003903, 2.7165206635992, 2.89780000863041,
1.85497548513488, 1.76108101601854, 3.77907098408063, 4.06581414152039,
2.80780078311078, 2.15448373898525, 2.19421678138257, 1.51006154354433,
1.49331856385568, 2.44806681970652, 1.96908155548543, 2.1593996268669,
2.94738496962371, 2.15555551660553, 3.21402489221861, 2.17871884717719,
1.38617809171965, 2.58397127119775, 2.96712186499606, 2.55573895384188,
2.11327968115988, 2.60026886040267, 1.89470465446177, 2.30916190498424,
1.58245915457418, 1.76274293968954, 1.75365761715824, 3.07129029822842,
3.50925882190189, 3.67583849829391, 3.0504785686582, 2.49161888233394,
4.19800014209709, 2.77603365269746, 2.22784128197357, 3.55776221326581,
3.81496306142635, 2.45484680237115, 1.99646650240935, 2.99377825487522,
3.00980094073357, 4.84370296342953, 1.84506838642888, 3.99408515205148,
4.26423230964815, 4.69712192257487, 3.86966979575971, 2.63231070865818,
3.24822774184649, 1.91569158384092, 1.67075418653538, 3.89543352862521,
2.84949738459129, 1.59095399394642, 2.37247952415289, 2.98747869185259,
3.39274196396132, 3.04388231919806, 3.48934172278298, 2.84184294612296,
1.89530438193022, 2.77497334673551, 2.81147276182249, 2.24509138869072,
3.16021595899544, 2.79237602592061, 2.35192900058481, 1.83508229797529,
1.64148873844869, 4.2821825677516, 2.27682191851842, 3.79604255239546,
2.80494665170347, 2.60613895816478, 2.86860728982857, 1.79922758550486,
1.69835364101955, 3.8298761871782, 4.14344440089737, 2.81150606120047,
2.1797131450458, 2.31974613392218, 1.6009778784124, 1.7269841102771,
2.33745237978057, 1.76369178760392, 2.04670357645331, 2.94167776555224,
2.16649550357769, 3.25263054089968, 2.22445368243273, 1.38457142370883,
2.46153375135482, 3.16371663465964, 2.41048326761703, 1.90571996918484,
2.45676762465819, 1.95373974116703, 2.29155379576944, 1.54146285072578,
1.71144380388613, 1.72906011111759, 2.99378408721604, 3.14932164982418,
3.09157602414953, 3.02938769572988, 2.21310264115562, 4.39574074844768,
2.94961174553335, 2.25739898101705, 3.61062097495367, 3.74267753663684,
2.47295488942956, 2.16320952556407, 3.10443772647731, 3.14736088936389,
5.03641925975006, 1.99421972271596, 3.44111058720118, 4.80476941875553,
4.61639983865364, 3.9952394531059, 2.98861738649763, 3.37516683296355,
1.95628521959596, 1.75405745391578, 3.53383302529568, 2.98952111223784,
1.57390953531353, 2.43553885944012, 3.15897190560786, 3.52206227754438,
2.98248647270173, 4.02594591762611, 2.47394734355353, 1.92044335319129,
3.21916001113998, 3.25347535217181, 2.45786454036161, 3.42166328263615,
2.86010229026478, 2.70603078507647, 1.9185765106416, 2.59830119614887,
3.85893031562025, 2.5532393017207, 3.85568377749201, 2.96954683497761,
2.79425683557318, 2.91140197744628, 1.87947857705489, 2.05828816161396,
3.70320387307847, 2.93448275559842, 3.12007072511742, 2.34269921388834,
2.68960439306624, 1.838908680008, 1.5233749670171, 2.31450816020946,
3.00584007519178, 2.33957104261087, 3.11701775562379, 2.48976402668441,
3.51132534525661, 2.45958245202939, 1.36830596108713, 2.46198061723866,
3.47883084869284, 2.4382302779759, 2.06130236181608, 2.11985926517033,
2.12320931480539, 2.75470750398581, 1.71775368263835, 1.92367278549136,
1.86102550175629, 2.92103650263114, 3.51410756018545, 3.08683744998945,
3.01345627863929, 1.88211205418839, 4.25836662575204, 2.8500335354663,
2.10263156218797, 3.71795354457553, 3.94333864919953, 2.40594955697346,
1.8456341415597, 3.03207993586023, 2.91808658155487, 5.15772187932491,
1.76884281615446, 3.79845152950223, 4.26820110877187, 4.82848262986105,
4.15877662351559, 2.71447940852406, 2.86892194218101, 1.94382483031434,
1.55862618946435, 3.85293328375013, 2.87070852691083, 1.60068355748069,
2.66875047371901, 2.95919521439877, 3.24870436287411, 3.09537107241688,
3.75316261378797, 3.36351986084067, 1.91838765831634, 2.84137214877363,
2.83243519066998, 2.24047286905045, 3.29052396954023, 2.74907965307983,
2.40848723188046, 1.86296442834131, 1.69495303155581, 3.96217706842231,
2.5602587745382, 3.64734374793126, 2.77419847120829, 2.61730056343983,
2.80037826303651, 2.10130421632008, 1.67895384741386, 3.2235398714662,
4.11481006639006, 2.81299277075069, 2.20581534685315, 2.35362490713317,
1.50868633410303, 1.5519228773791, 2.90369110370033, 1.89403623818346,
2.11505929756579, 2.95941577760518, 2.11425771903, 3.16135801878203,
2.04054386237349, 1.4941244534392, 2.35274545054215, 2.08608170993865,
2.49498070134174, 2.29157803079004, 3.30181042693782, 1.92154008281193,
2.23171368548009, 1.66229746659604, 1.72737882228041, 1.61775629797369,
2.84124550347288, 3.2691557215952, 3.44136652755009, 3.18419732364342,
2.8379786236288, 4.64985450545038, 2.81456726233128, 2.41214325872283,
3.58033437120184, 3.88533159011738, 2.36412495935623, 1.87694455397451,
2.92336624582753, 2.97944807659813, 4.73000623463545, 1.79822457243026,
3.91136976484856, 4.26065720861309, 4.70633297506496, 3.90453277451404,
2.73281015891092, 3.16699621409964, 1.69857074598196, 1.52550656377863,
3.88721679496989, 3.03892065195363, 1.5304668469711, 2.91683313291862,
3.13487805036422, 3.50565650381285, 2.8673871418805, 4.26440848152206,
2.42333720268364, 1.92983390630785, 2.98744443791319, 2.96145421674228,
2.29353983398691, 3.23889090778749, 2.60808382303153, 2.23975374336962,
1.85407769805759, 1.60771009638931, 4.12689511067366, 2.56509376378951,
3.77287871616596, 2.66777975396807, 2.62569645337778, 2.96391880267732,
1.86000771993535, 1.77157255957785, 4.04131870757864, 3.91950922343331,
2.84361583240419, 2.16833118954738, 2.30189818488813, 1.52946265568104,
1.67811599319808, 3.40094800510819, 2.08438164337266, 2.17037542583486,
2.84906787928624, 2.17958341037375, 3.15805975696424, 2.18200068961993,
1.51941456460738, 2.61032415830448, 2.89313736974303, 2.35980399490507,
1.97239001970164, 2.45000498798832, 1.90832993640854, 2.34180363296464,
1.56333746746325, 1.83422037902694, 1.70400859159558, 2.91642064249059,
3.67701253751889, 3.93446987978557, 3.09855559383382, 2.61341011854727,
3.18237526463445, 2.79516797792804, 2.49134610880241, 3.61745246621353,
3.97256775872429, 3.03522807967469, 2.00622544247377, 3.01142433996046,
2.87075475879814, 5.14102421606895, 1.82716477554474, 4.36551254336401,
4.09028526738382, 4.89852476098683, 4.30600323288383, 2.82123913419514,
3.19976203088456, 1.95347819059548, 1.51131577016037, 3.91545986495031,
2.97621289415271, 1.69862939146955, 1.93250860847288, 2.95369584351082,
3.16064565832342, 3.2015985320956, 3.80602274669882, 2.55369918411553,
1.82758395176273, 2.93256073165956, 3.10321430506361, 2.30247488639612,
3.31748021269437, 2.78372122144621, 2.59021953165937, 1.81077181923045,
1.80252723094243, 3.25547962331527, 2.50635817750379, 3.59762575855745,
2.85724321816494, 2.71538659995726, 2.77610932314657, 1.88684262102552,
1.66805752527485, 3.0612731064496, 3.72936322404783, 2.95160572900467,
2.33888091629802, 2.49451056151552, 1.50902571581286, 1.64877474720551,
2.33637544060863, 2.23223977878037, 2.19680815610515, 3.10811159516526,
2.28551343744933, 3.34227543116062, 2.19293070140137, 1.44542404973514,
2.31497556956893, 2.26468139968785, 2.8057894493327, 2.25461481719245,
3.11260859338447, 2.04991083015665, 2.61141655646207, 1.77203164230449,
1.79605904409385, 1.76407995015684, 2.88491136593505, 3.27357922837951,
